,A,B,C,D
2000-01-01,1.339091086710764,-0.1636430589256459,-0.6464425533392314,1.0412325889974416
2000-01-02,-0.7749840885611867,0.13703436405394917,-0.8827159154980816,-2.253381889623781
2000-01-03,-0.9210371677204512,-0.48294322138429446,-0.41709964428087026,0.47863751687740846
2000-01-04,-1.7388075484337893,-0.07297329287566777,0.05651657722897851,0.015084964341988957
2000-01-05,-0.9059800321682521,1.7785755271984458,0.3819175129513353,0.2914355562510866
2000-01-06,-0.8911647526314174,0.7411474452142385,0.2374821996163235,-1.501908501092499
2000-01-07,1.1111323136677,0.28767400291042083,0.1830117586312286,1.3590462216516495
2000-01-08,-1.2909010817820166,-0.5492467927578967,-0.8251834347942677,0.3289400157367532
2000-01-09,-1.6896545352916346,0.81801552906378,1.137703716910105,0.33452979928616317
2000-01-10,0.4165799172795886,-1.1881621639121598,0.7532286752986458,-0.7282240539212008
2000-01-11,0.32896811695535083,-1.087598335279824,1.3528268740924292,0.9977328801540122
2000-01-12,0.26358506441198376,-0.18762008658621138,-1.0834750150445085,-0.09924998672718587
2000-01-13,-0.29300723996364225,-0.8137103715709109,2.7269929743582177,1.8699731723736088
2000-01-14,1.1086778922073892,-0.3397816598749457,1.9231703441045538,0.15613977595567882
2000-01-15,1.818885735378858,0.9791374113801282,0.5543169178750899,0.5647933719882937
2000-01-16,1.027912813748448,0.4195638415164622,0.684418988326301,-2.063247981353024
2000-01-17,-0.016772314318329623,0.07890165690718982,-0.27182568014171127,1.955716926664198
2000-01-18,0.4309845729442973,-0.41580264985994586,1.3733148445881047,-0.38455125304721127
2000-01-19,-0.032470872288651524,-0.43098828203991224,-0.46209117915506953,-0.1119650144368067
2000-01-20,-1.3506629171138465,0.5224004137711759,0.6758055685782415,1.2659962661594129
2000-01-21,-3.6932011348791036,0.11358420387342763,-1.3965406238429712,-0.5116518313101458
2000-01-22,0.15058604331130007,-0.06259931587319492,-2.1568331560367047,0.3719049235306588
2000-01-23,1.2507110987254098,-1.8276533817130372,1.3832361082123836,0.18029044402853775
2000-01-24,-0.3889944557724563,-2.232772618567441,1.4632538582074344,-0.40869631624113273
2000-01-25,0.5379291453385567,1.245083647563558,-1.6438059023209384,1.2856497321619726
2000-01-26,0.8764442367695596,0.5411298803071009,-0.11971063003738801,1.4962647730214118
2000-01-27,-0.3347211266691919,-0.7703858660626641,-0.32235153929730026,0.024414837882392782
2000-01-28,-0.18582561125658426,0.12372588213936228,1.1777770928716744,0.8009617434546691
2000-01-29,-0.3029420322131076,0.7799806534643215,-0.18652896002471092,1.2005562158150662
2000-01-30,0.3916954426181351,1.8578413382244094,0.841039628031936,0.8166904547065233
2000-01-31,1.534012670436181,0.3414971541190734,1.6546976727656453,-0.47643244551585545
2000-02-01,-0.009653594989444214,0.41832022933686075,1.3399870330879589,0.3698029302352685
2000-02-02,-0.518425385308536,-0.47829586190318385,-1.0458424138603495,-1.315063077147038
2000-02-03,-0.8836122889872166,-0.8250027200605398,0.5099195637898084,0.33026354865215135
2000-02-04,-0.40917175311136555,-2.2136053757210044,0.4395306521469267,-0.266009567939876
2000-02-05,-0.15636171379294783,-1.0590094240740884,-1.7394540793419582,0.6414802824029712
2000-02-06,0.9750600079359016,-1.1658907671473047,-0.7095034369564253,2.6418676436520645
2000-02-07,0.005306757103940365,0.4972218919063451,1.0996057795850886,-0.6991638567277475
2000-02-08,0.6692525777040126,0.09433218735712119,-0.38230213769545107,-2.1429545248442206
2000-02-09,0.08646268909266022,-2.2894871597837883,-0.42607634899286906,0.19384428940097248
2000-02-10,-0.12082866530905113,0.18126078623955705,0.9782065042662221,1.2014241547407456
2000-02-11,1.4041767929085416,-0.5852695676346408,-0.03619568914733243,1.1406892404475628
2000-02-12,-0.18886410503788992,0.04307422912866035,1.6484424247118807,2.4111061125548487
2000-02-13,0.3631124545955806,-0.6577389012680124,-1.2279727001096845,-0.05186870102291037
2000-02-14,-0.003067702198295152,0.216070604640917,0.7000538205245386,-1.7602301892842191
2000-02-15,0.15469103678969656,-0.7063192735028199,-1.8615270718328196,0.23364041266075242
2000-02-16,-0.4103193626463333,-0.10110051781968454,-0.1794786677978524,-0.7607675185180398
2000-02-17,0.12933125158653616,2.522329974493888,-0.3666587999693344,-0.7035845216605606
2000-02-18,1.041715476426757,-0.7769199699046241,1.5255609330360744,0.1622041147563601
2000-02-19,-1.148803717032087,-1.1577930064633781,1.345498997228097,-0.03750473775854405
2000-02-20,0.20632897969875244,0.5491179477232014,1.3572019163460243,1.2851887329979084
2000-02-21,1.3007887725762228,0.29498826835001013,0.25378867939767386,-1.006338949024481
2000-02-22,-0.10233342532769434,1.4780656662627611,-1.6752574065356347,-1.5494228862075756
2000-02-23,-0.45000795534166294,-0.026697240731895153,-0.7666587443208602,0.9543444310379243
2000-02-24,-0.1730487023403928,-0.6334217834662554,-0.22885339303174107,-1.1483681198304068
2000-02-25,0.189555422153928,0.09730001943098612,0.42943945758300645,0.975415440598059
2000-02-26,0.012943374889081425,-1.096171462801253,-0.690868286498821,-1.0735252464643372
2000-02-27,0.1596037885281738,1.0571056836198458,-1.453399830422447,-1.3555616574190992
2000-02-28,0.5928308398289156,0.463887689488804,0.7278804425741253,-1.0964810406104832
2000-02-29,0.8163857711130181,-1.074844184251075,-0.06938105321999,-0.04390379497080274
2000-03-01,-0.790836070736962,-0.29133271768528296,-1.555071971777855,-0.16554331984878703
2000-03-02,-2.098143437528201,-0.5941109694013574,-0.2951813779491433,-0.21591003938744963
2000-03-03,-0.16683966597802688,0.47767553973123955,-0.11942378373408231,-0.5465159939108865
2000-03-04,-0.9193558543676572,1.4372875548107633,-1.0904724439227889,-3.0166321808363317
2000-03-05,0.7460579873477784,-1.4148624082257257,-0.10215753955534455,0.00639494869620964
2000-03-06,0.3144220958158829,-0.48949426457078865,-1.2190431783459086,1.506717513175389
2000-03-07,1.130833946704504,0.08266969226382961,1.4766852766702472,0.07362964222695764
2000-03-08,-0.9435120518705071,0.8093774318861597,0.9429787592304162,-0.16736100856093653
2000-03-09,-0.6332095854208392,1.2453634986994226,-0.8944651355456363,0.8981324085219932
2000-03-10,-0.385319230184424,-1.1739686093245474,-1.1587311193874867,-0.05472855900104507
2000-03-11,0.5240809547225759,1.1051496449883225,-0.8791984459573663,0.8788718121083935
2000-03-12,1.399149224739458,0.2465467416130762,-0.16080813547550465,-0.07831630744225836
2000-03-13,-1.1162989250618693,0.6341682714892157,0.8013931057583372,1.8852366240498823
2000-03-14,-0.18407344172941553,1.0083477296975942,1.2837227178579944,0.09200379665735813
2000-03-15,0.03471509923290607,-0.5102682158800795,0.7135459606081538,-0.19054710565615848
2000-03-16,-0.18321725246717427,-0.6316984832827599,-0.7728736326532212,-0.1957359286204349
2000-03-17,-0.5584343468146571,0.2921139039036781,-0.9512617795614957,0.7100849644185744
2000-03-18,0.5530022852839194,2.173454338697406,0.5626598803870119,0.09811240079645461
2000-03-19,0.9386182368605656,0.4884792173654834,1.114278304524348,-1.3026441194177665
2000-03-20,0.7323630226122804,-0.09754896958678463,0.29055420504287716,0.23709156591092492
2000-03-21,-0.515490223280789,-0.6233513510107851,0.32158780184043106,0.4623368376086273
2000-03-22,0.8032013120429836,-0.781576394911122,0.7357435934085166,0.006632522059202118
2000-03-23,0.9709381423998922,0.1674050538453383,-1.9757873801104546,-0.08535418162747378
2000-03-24,0.04937483663113448,-0.608720522502553,-0.416593584638445,0.6480348535401061
2000-03-25,-0.5989107076171833,0.5570258396151909,1.6683602087875264,0.7060004676881687
2000-03-26,-0.7096455836983524,-1.0709217438984557,0.12303852950293205,-1.59726776188856
2000-03-27,-1.0092248670425046,-0.2426065843587345,0.47657352611615367,0.5417815995029832
2000-03-28,-0.6551351394087268,1.8306567815883314,1.6240914783883633,0.1755570890261523
2000-03-29,-0.39900910715582943,-2.002995617663261,-2.141837539964979,0.21797383529604883
2000-03-30,0.5458708546832673,1.0460298853748888,0.5901484699558275,-0.3334866633607947
2000-03-31,-0.5868673183843919,0.11532782264540345,1.4194498022170847,-1.3917118137898528
2000-04-01,1.2046825655247844,0.491473433670558,0.7369804794490152,0.24255862752009733
2000-04-02,-1.3680505892870876,-1.1450547460166358,-0.7102956967701053,0.3833276096747456
2000-04-03,-0.6514243744826536,0.1995899094444906,-0.9617883152489827,1.6806713394330925
2000-04-04,0.6219207829409441,-0.0501932538986873,-1.0136559550465902,0.7488423299961839
2000-04-05,-0.9046884023510537,0.6355864022970721,0.44046954613284645,-0.3159432836200966
2000-04-06,0.32042601690392813,-0.32305750397844685,0.8408061835762833,-1.934217206514304
2000-04-07,1.0808999770704955,-0.7131760965286496,-0.016655032467580468,-1.11593806299566
2000-04-08,1.5532393213562357,0.007179598381754683,0.03341219374579624,-1.077337485734718
2000-04-09,-0.804691095654623,0.3562595517710431,-1.1237385878952983,1.1111824237769234
2000-04-10,1.779316969163001,-0.21203025250267082,-1.628072699422268,-0.7928049295772724
2000-04-11,-0.5388783629606952,-0.971199633032306,-0.8139540700522464,2.452052106294303
2000-04-12,0.41750695559447965,-0.6061080773308415,-1.114582339872626,-0.47602320722339686
2000-04-13,0.30959964435303355,0.002151254216301832,0.49462261283712267,0.8412653732081518
2000-04-14,0.05700237095592879,-1.5445856620056333,-2.2255042394754896,-1.9760589167247313
2000-04-15,0.6522852749858647,1.3715181032785018,-0.7926675298228897,0.3092178260679207
2000-04-16,-0.5547435948468619,-1.047242361401659,-2.603835355018857,0.22637622980941957
2000-04-17,1.3356467119599271,-0.31147579870566816,0.22321478079478377,2.8259210002916757
2000-04-18,0.5154766528824756,1.547401597404494,-2.1638527655555606,-0.3617476411488778
2000-04-19,-0.4363233081196656,-1.1635551284297136,0.07062135163123627,-0.09905287861379093
2000-04-20,1.9802229493787047,-0.6034045325328746,1.0149797290560783,0.1635979653426372
2000-04-21,-0.16293222642516253,1.3611581265114925,0.8458615822887929,-0.0042685093290925
2000-04-22,-1.4700989306993035,2.008772055408523,-1.4452906071836529,-0.6769549565287976
2000-04-23,1.5193666243314283,1.9616325429638026,0.23039080270317275,2.8797930581564035
2000-04-24,-0.2977268862459775,0.8552189248453079,-0.44618578793997,0.20958633178916122
2000-04-25,-0.3433090168488153,1.2096402819077545,-0.07774958913835066,-0.6476017716713238
2000-04-26,-0.7483173066589177,0.2399620732397185,-0.2416101792914144,0.3215948348876191
2000-04-27,-2.2103342697474306,0.033414086194710875,-0.7361419164395833,-1.1100307019425657
2000-04-28,1.5220182167793137,0.6870820409220904,-0.2621870954873638,1.1513836772458237
2000-04-29,-0.7865561834592084,-1.9490551741331188,0.3575321516688623,0.18425188256821753
2000-04-30,-2.3068387502922953,-0.7600103429216696,-0.050061189035136684,-0.8138897892698526
2000-05-01,1.3769672199385599,-0.44320745434551484,0.06544241433070108,-0.33082863005654484
2000-05-02,-0.5573452249431343,0.2444317531198159,0.14214589176730388,1.2334975801923747
2000-05-03,0.7309291754014497,-1.2247199714549803,-1.5670263494302041,-0.8564742298883447
2000-05-04,1.157758335307054,0.7899475044844918,-1.4188632773980252,0.4934760743151956
2000-05-05,-0.6822191954580396,-1.3941611205377853,-0.7439313502546027,-1.3512918582452744
2000-05-06,0.6543385248792684,-1.0850078890184924,-0.8639642674474064,1.8971368793577208
2000-05-07,-0.352114448401931,-1.4318512380053434,0.22843494364474368,0.48528207893987013
2000-05-08,-0.5049360559863174,0.06766410977963022,-0.9933690804939904,0.7574666303687093
2000-05-09,0.6639624269027972,2.1765887222334355,1.578423132877862,1.3226779607437944
2000-05-10,-0.026314914861169852,-0.20844752746192022,-0.49656814500358837,0.09438610227715835
2000-05-11,0.34722387505102936,-0.736644255491504,0.6284546814292462,1.087940207696204
2000-05-12,0.009137812690981113,0.6269529423263153,0.3716525898267163,0.28915992229841636
2000-05-13,1.1239668614126082,0.40879004824353404,-0.8716373384067704,-0.24739205281541984
2000-05-14,0.010586632870900458,0.07865905766336621,-1.1031724136104508,-1.4109634093568113
2000-05-15,0.926034371398877,0.4786155619685197,-0.5792077612275942,1.9048111082458496
2000-05-16,-0.6390620584993894,-1.825941747159,0.7518219586042334,-1.4632916168755281
2000-05-17,-0.8491263121306175,1.9046280573932606,-0.18140712724195038,0.3503420526673713
2000-05-18,0.9974284065674641,-0.9437640688121146,0.8472156335536685,0.3149721111588943
2000-05-19,0.007936360718847115,0.48120226665686017,-0.6860907952620479,-1.9278412843551314
2000-05-20,2.768110600294119,0.38020145855723564,0.8621574417748099,-1.748787526958201
2000-05-21,-1.1002195710025846,1.3258428921207084,1.0285417243208237,0.06122145395151266
2000-05-22,0.3342916048236944,-1.5324894193861076,0.0616867598500133,-0.5253112563466661
2000-05-23,-2.3117361132371776,-1.6471220649542182,-0.4604662886153246,2.646368280554004
2000-05-24,-0.3740016253111998,1.0527811157858178,0.8890470038243142,-1.7983284121941583
2000-05-25,0.8858379504847745,2.421852608966316,-1.924293010956281,0.16698251440983347
2000-05-26,0.4894791595302451,0.7926400633559101,0.25287223378320356,0.5473256077022398
2000-05-27,-0.39455449013621274,-0.9792792240576763,1.6378934088189991,0.21857417842162158
2000-05-28,0.24786016903144342,-0.47782621696973965,0.05668246319013895,0.463195792080392
2000-05-29,0.25722380819378227,-0.4317753360834575,-0.8745599503220398,-0.4986032556433567
2000-05-30,-0.5698484191828479,0.14942990805959946,-0.6278631899315965,-1.2114572375105348
2000-05-31,0.7334070955757865,2.4453286171469624,0.6918589245896242,-0.31623564608749566
2000-06-01,-1.1277164307837153,0.42293529637157945,0.03660019453142683,-0.5473571941605904
2000-06-02,-0.46243457123507553,-0.18899581922692132,-0.7408547016195202,-1.0031821765107438
2000-06-03,0.5349626268413971,0.9356092618511498,-1.5610166356837065,0.04293229105998689
2000-06-04,-0.025459747147490618,2.909306305821754,0.43936594052440664,2.341730842455489
2000-06-05,-0.6159378993180289,0.7537093666481457,1.2342857044929971,0.5094830257676872
2000-06-06,1.0985823653362075,1.5529234724666787,0.28237451748636716,-0.005058624317500052
2000-06-07,1.4192538911498986,0.8504866072922553,1.5831867381503946,1.1207136042790693
2000-06-08,-0.6536721573454404,0.5230640129568463,-0.13989139821642638,0.8663515104248675
2000-06-09,-1.0474181232022843,0.934760740465006,0.005370385455707047,0.729064962465345
2000-06-10,-0.15007282737953995,1.3294216454993204,1.7300170751958537,0.30877866628261064
2000-06-11,-0.14762414260729653,1.1780067113832777,0.8812983244458189,1.0001611997513657
2000-06-12,-0.31061590114552917,0.5852478432505314,1.0632976048454506,-0.867802064733094
2000-06-13,0.2506866428423472,-0.6265443512128294,0.30313936374917627,-0.3773344690465644
2000-06-14,-2.1103378597686855,-0.17029248923677293,-0.617344094586583,-0.6028164638996906
2000-06-15,-0.4994916427338579,0.46535080060936007,-1.0087553046060913,-0.39936317342478356
2000-06-16,-0.9557935311711865,-0.08929072937627748,0.843536288317123,-1.5208611857418872
2000-06-17,1.4938669828174482,-0.7229019813494332,1.1957591686591516,-1.795980676600304
2000-06-18,-0.8268538936580764,3.1998500209801977,-1.2280323146610634,0.3656142421958396
2000-06-19,0.1314335410403316,0.46804418368130346,2.517138435050951,-0.3130307958544579
2000-06-20,-0.036636926508894704,-0.9422371322160376,0.2944425169743771,0.9795509081100772
2000-06-21,0.6814649180656159,-0.6037011673040922,-0.18373243834565187,0.12391795521356985
2000-06-22,0.4362901988272205,0.3174168868393315,0.09635325068268351,0.6058056045302079
2000-06-23,-0.6778594048562563,-0.076994968917395,-1.0371682561671034,-0.10667864820437656
2000-06-24,-0.46597799899010456,-0.41125960534337386,-0.12556950820016288,-1.8663876661702177
2000-06-25,-0.8759742414106297,0.12221169504928678,0.0802201728264887,-0.21585843512732175
2000-06-26,1.4066298573283147,1.2833426747197274,-0.06222414647577678,-0.045635393367327075
2000-06-27,1.436203182499852,-0.6836872674664211,0.8364789359501779,0.5764064119452617
2000-06-28,-1.1289427050713325,1.0225080239818904,0.26338998007318165,-0.5284294696110617
2000-06-29,1.2057954298163052,-2.233854141407028,1.3386049954410106,-1.966898621847877
2000-06-30,-0.2214087972876216,0.7242606876791707,0.38566525628671916,-0.9003620066524632
2000-07-01,0.8856114255741508,-1.8237052522961528,0.30164614880927887,-1.8508201741345938
2000-07-02,0.16432439438087312,-0.15150071498722098,-0.04463913039011249,-0.07985684845582236
2000-07-03,0.4066441851159702,0.11069132746047705,-0.9237792714182566,0.38270646168372235
2000-07-04,-1.3585723071034819,-0.21036593111973945,-1.243387705128181,-0.12835552445886628
2000-07-05,-0.9797104275381944,-0.03460700947747102,0.08512805903499307,0.3400410158472014
2000-07-06,0.008506406712296237,0.670796155138785,-0.034990817169394874,1.2906700479509596
2000-07-07,-0.5010816274127601,-0.38052383657321337,-2.583826351550753,1.1024774788993288
2000-07-08,0.38057009657870117,1.258492622021946,-0.7954612932174602,0.1808164170577822
2000-07-09,-1.1715582540377178,0.32615126577641795,0.4975840196397206,1.5895966316814711
2000-07-10,1.5358510625889217,0.8731910090373253,1.1867599252998609,-0.8715044905598764
2000-07-11,-0.4163937087929347,-0.8110569655524629,0.8782284950851199,-0.40822247041749876
2000-07-12,-2.0726059114495383,0.422625089567271,-1.8701920005650887,0.9889977494403931
2000-07-13,-0.6104424920090779,1.5781126025592345,-1.1568647931483316,-1.7565814562565873
2000-07-14,-1.6850323935446916,-1.859185737292626,-1.465055518026666,0.3749186001400212
2000-07-15,-1.2354999678871146,0.6216732186532902,0.06478275746076945,0.025566322481737114
2000-07-16,-1.033157663174688,0.048321571501462525,-1.8644075383576302,1.2847285011824308
2000-07-17,-2.4117596680794553,1.3373743103535156,-1.0394301142106968,-1.4382352048509033
2000-07-18,0.04122975582047401,0.06075320453264376,0.7098035555169159,0.10616570151458801
2000-07-19,0.6717093465278433,-1.6402271029035482,0.48045582087091593,0.4193133992826933
2000-07-20,0.32686415045821005,0.8318951859985935,0.5600068771253579,0.28635465554533834
2000-07-21,0.2737479133802935,1.0554988994437688,-0.9202258946125778,1.368004402567018
2000-07-22,1.5369950235673915,0.27235092724007204,0.20286215109052383,-0.34031780489901736
2000-07-23,-0.8050402292515265,0.24862654136534948,-0.9035429328714984,-0.41096006511596206
2000-07-24,0.4615055984277246,-0.5517933734909447,0.19058645021638795,-0.0064626847024008725
2000-07-25,1.0510684604493103,0.9890729091532625,0.7288091858746589,0.351844430232042
2000-07-26,1.3595669270531099,0.07765536582045862,1.0034683382850487,0.9906136258409175
2000-07-27,-0.7965109841794472,0.7060334457267958,0.05876329666485417,-1.6273226495341908
2000-07-28,-0.8189882735349934,0.6184206716615703,-0.9750280448742298,-0.2175986830458911
2000-07-29,1.338423002844347,0.3950529496364619,-0.6640661691470375,0.4316219610383588
2000-07-30,1.9769933563781183,-1.2869661863601434,0.7962885774985806,-1.0962846892661173
2000-07-31,-2.223966588753424,-1.1821939208241035,0.934336639098422,0.4073939580819423
2000-08-01,0.47646295408502565,1.40933202078934,-0.2831342319275334,-1.7930206619969815
2000-08-02,-0.40808937607549306,0.9762157760508914,1.047329084355468,0.22074397530678333
2000-08-03,-0.011442198596227613,0.43119644527486245,-0.7608179552847709,1.0802552933217389
2000-08-04,-0.07565751985421185,0.426821576589547,1.4900758121331954,0.15270928766618172
2000-08-05,-1.09231815593234,-0.18764509484855177,-0.3328755377054497,1.6634617879296667
2000-08-06,1.4332921131886573,0.5488176608158964,0.17048339980722857,0.890945996339443
2000-08-07,0.07377654504274458,-0.6970640909104298,-0.23111984353554063,0.8519591259533607
2000-08-08,-1.5273797157077509,-0.8988763484131678,0.3199021856762438,0.06088792121763333
2000-08-09,1.582104536141256,1.0818492743954558,-2.098950464754753,0.8120602798790407
2000-08-10,0.5104496419386052,1.551218946988716,0.16300929182757665,2.182940950529052
2000-08-11,-0.5104338446233999,0.6080760717407934,0.22627774327465397,0.3017831137819441
2000-08-12,0.23858577770501918,0.45460926879000324,-0.7467295693128135,0.6118924748253514
2000-08-13,-0.7273232989996887,0.7799864924887351,0.8433896269629102,0.7668603033711022
2000-08-14,0.35347546798420815,-1.6322945704116665,-1.463351533850713,-1.646703307127382
2000-08-15,-0.1879629750508258,-0.3985662387882814,1.0424110749154412,-0.0025390385652781814
2000-08-16,0.6572890813831191,0.6791396145876041,1.4253375132372175,1.0335210683750866
2000-08-17,0.5403776162336746,-1.0091051028720466,0.6767072746341556,-1.045373053352215
2000-08-18,0.1356214210718215,-1.8668870452922788,-0.3354717234000895,-0.4052981396194871
2000-08-19,0.26242671280093594,-1.1833236070658055,-2.2314015967474186,-0.5440404339527628
2000-08-20,-1.26151600854139,0.42338065409775194,-0.7775474852903543,0.46567066085018793
2000-08-21,2.1584089920613168,-1.3548007246050358,1.3161399181610793,0.2439241031779822
2000-08-22,1.4565460631488107,0.9093491965141205,1.2081024942594283,0.09537786208959174
2000-08-23,0.19472441891182302,1.1993995637803763,1.1113685115839533,0.12959755621993
2000-08-24,0.34375965838535616,1.1010963265769815,-0.541503852375318,-0.493092817825446
2000-08-25,-1.1445517612342861,-0.13790266073226773,-0.36116808296399394,1.0546049269478415
2000-08-26,-0.3207575068138674,-0.8257580711818817,0.9722659472127138,-0.9934869296417564
2000-08-27,-0.22012456990664875,1.6972636013285645,-1.3873509512140583,2.4963877776885828
2000-08-28,-2.133130002625798,-1.727131282653709,0.03346388743392071,-0.8165551662289892
2000-08-29,-1.8912897862635587,-0.2405181049842699,1.5501294996181214,-0.1099240069578221
2000-08-30,0.3675337219960534,0.003299167433352845,1.989878388272396,-3.1104643782892674
2000-08-31,0.7631477093022566,0.4266607951159482,1.1949753307627935,1.0238355122194056
2000-09-01,0.23802047605078971,1.394466866883659,-1.086700633973766,-0.4008631455480093
2000-09-02,0.31812897040017996,-0.5490649533064416,0.5771267485705786,-1.017205187949437
2000-09-03,0.3271061745575792,-0.1795671028973067,-1.350603703303102,0.5717292221653163
2000-09-04,-1.488440793096554,0.5773086905746901,0.8363130438165848,-0.4649656367037288
2000-09-05,-2.3651969286264447,-0.7273161980453543,-0.29616443821150207,0.5375575400168098
2000-09-06,-1.19587742448313,0.8650714533885617,0.5893040093996392,0.13973618499946486
2000-09-07,-2.048783683385963,-0.08382248240167271,0.06800293095032035,-0.07043477471833644
2000-09-08,-1.0025924972205378,-1.9292339872798772,0.882663132254509,1.288629191953583
2000-09-09,1.1091282100845488,0.5458445259162974,0.6696788587086181,1.9078714046144538
2000-09-10,0.9260121346725626,0.18886378639217577,-0.8235544530571722,0.6142482412947077
2000-09-11,1.4424516231182902,-0.4548277837364969,-0.38927637112158403,-1.9196370220769903
2000-09-12,-0.6927075015649419,-0.5201632518797819,-0.2736936246045822,-0.5231099169214324
2000-09-13,-0.6567968023107648,0.5378260047569046,0.2649850757439767,0.1389869268423623
2000-09-14,0.49367164784366047,-0.24118665148465301,1.0913629657622488,0.8327680269518124
2000-09-15,-0.6731358208793283,0.12107594361707306,0.7512427061242991,-0.07184175766099059
2000-09-16,0.6186108803905711,1.8748568806669035,1.608593832260047,1.6417893558980852
2000-09-17,1.1364434604687468,-0.29119859291528516,0.04054282299623043,-0.654264943541213
2000-09-18,-1.3250646374003014,0.905023717908332,-0.3038841754688674,1.3201173727494901
2000-09-19,-0.2794878325471008,-1.3017854584891364,1.3606422425025042,0.7414977197194169
2000-09-20,0.5743055451124343,-0.04025569062534222,0.916352081236198,-0.8727555920584102
2000-09-21,-0.3304791504631409,1.9310934572074037,-1.2533786346545348,-0.25138431274716033
2000-09-22,0.36632198497814117,-0.7739869855892425,-0.4386481645473283,-1.564871146403117
2000-09-23,1.4232191069182232,1.9771656208934538,0.09935960133056301,-1.6848549410786418
2000-09-24,0.6281483962982477,-0.9558819599816607,-0.012608840989326778,0.9928495318616201
2000-09-25,0.0036091181892415024,0.6364630491041641,1.441797413036324,-0.5616781134813407
2000-09-26,0.41914471783222573,-0.7213983659889796,2.0721926199293255,0.8342069269468801
2000-09-27,0.6671541780923068,1.5762310802382062,-0.41007703917840094,0.4559231076252611
2000-09-28,-0.3090249546711154,0.03409652424929982,-0.7283836901053498,-0.5384093986052927
2000-09-29,-0.08463641580237011,1.372794138065529,0.1854680692144127,-0.14797898197041812
2000-09-30,0.06660234038020643,1.8212086900202749,1.537155214588945,0.27588507793314127
2000-10-01,-0.6681974185164767,0.19506428147225918,-0.4191713493362336,-1.3002591572370588
2000-10-02,2.1206934222898193,-0.5441701958064161,-1.207810141173447,0.7786398724209754
2000-10-03,-1.3376634722474616,0.5125146355901956,0.5705042762358825,0.42964578728830455
2000-10-04,0.48299480792369726,1.4933055712396484,-0.69824141126605,0.13321189323019703
2000-10-05,-1.1873528682203962,-1.8574504354897423,-0.36103735021441524,-0.5619877756662277
2000-10-06,-1.0541821948889347,-1.1384375329952565,-0.6504339226412766,0.2704369600455256
2000-10-07,1.8154749349899924,-2.162150969103201,0.05381199773156488,-0.40263795126149315
2000-10-08,-1.6252038869829852,-2.0792264097097526,-0.8618818917514875,0.8710460011314193
2000-10-09,0.3225728200690501,-1.5369833764311513,1.0988790707585248,-1.9839800425108096
2000-10-10,0.5826478614589871,0.9463867702132183,0.7724443649179191,-0.9684856750088527
2000-10-11,-0.8998384447845963,1.08381679914342,1.5873552226321694,-0.5403388939795499
2000-10-12,0.5067875859746918,-0.7183932520127272,-0.8017925387868389,0.8665925964213614
2000-10-13,-1.9336875466545316,-2.028981456906236,2.4317377170295917,-1.202786533766202
2000-10-14,-1.3370341631077978,-0.13789538654932834,0.15881566009490716,0.7428665694854881
2000-10-15,-0.01849221626754639,0.47832690752868234,0.059995987002118126,-1.0091709893745495
2000-10-16,0.5432517004842694,1.316007830645139,-0.24265948967130793,-0.42762504670337126
2000-10-17,-0.43342215429821174,-1.65876116108261,-0.7344970683195698,2.335722875991617
2000-10-18,-0.4519564874918651,0.1448680331142104,-1.0261964031055721,0.9860421485729745
2000-10-19,1.1436654457956859,1.5003108214087908,-1.0761280645307036,-0.1246276049574312
2000-10-20,0.03864116814712626,0.42844556029790165,-1.1611094627264864,0.19208302256298376
2000-10-21,-0.7380364316547229,-0.9768295744231509,0.6768108140690738,-0.39279404633357756
2000-10-22,-1.5160299279617528,0.6659152981998012,-0.14121462584313182,-1.9044527464194208
2000-10-23,0.6909831647236357,0.626962073867664,-0.5516187045493237,-0.1435590319801951
2000-10-24,0.5135190353748204,-0.29022052315304614,-1.1716868423363551,1.2856460049015561
2000-10-25,0.8102584313199782,0.2766334542587156,0.01586432661780215,-2.1712677804113842
2000-10-26,1.7492072263033376,-0.21611791510863246,0.050901241627527495,-0.3822156179556925
2000-10-27,0.8859938712746794,1.3035312774998344,0.0038446818171965704,0.48729530710743757